28501804
28630217
36809645
37033047
23295778
34914641
36595277
36223377
36969249
31531852
26361000
37288109
33916744
37483981
37794338
36883219
27799965
37388485
36545341
37009599
36818679
27917945
37968628
29173092
30339699
36801423
26892980
36645404
37692785
37915501
36969817
37900148
37626321
37203091
34787670
37853925
34355136
36452139
34552636
29390443
36173203
34992634
26579802
37624595
35795335
36397340
35782275
35265637
27787922
24788850
34183175
27788565
28701195
36317727
23210843
32185217
34360242
28801425
37735121
30235751
36299994
36248968
31118956
34845354
36767656
23284711
36501197
35492619
37174879
35433530
28916571
35136407
36147836
35903796
34558102
36247926
27661021
36313749
35360714
33305120
35437443
15516809
33646159
36268503
32491049
35251389
32884233
35718865
35646113
36814783
35618334
33336068
35605595
36569614
32953584
34976534
36198200
37479752
34969395
32710546
34131470
32296827
31717748
36518685
36441780
35627748
35329282
37841396
37953212
36974687
36217104
24797230
35671283
34086885
37833646
31459469
38058730
32427568
36980080
35111221
36178080
33990818
30633319
37377919
32104599
36719356
37523180
36207186
35915137
35102100
36140907
34977119
37608261
38131011
33854341
35012457
35028917
36900395
10796417
35990976
38216220
27885059
35721679
23860148
28503429
32864456
30204881
38001890
37369097
35144263
33563352
27536778
35213588
30338022
35185797
34660668
37998429
34422047
36172520
36428411
28745333
36962497
32161653
32987817
32335302
28244716
36583217
37022988
36938734
31064688
38415688
31358385
35428749
35380644
33556075
35707661
35343640
34777858
36115216
36407507
35812996
37827208
35937836
31889964
18834386
34261039
19537901
38135556
31183343
28938652
36619052
27311784
36824095
22606961
31110913
32440161
33690826
38021386
35638229
38314045
37203056
37653145
37305126
33291678
35071587
32082622
36658617
25377475
36193755
34223503
34724862
34526960
31511790
36936773
35860710
6108128
37176544
32704722
31695606
35865645
35795101
36619336
35434021
35418035
35179209
28432619
34107719
33513186
29492226
31929966
33992041
33614455
35044468
36110868
26381382
28659274
33723860
36698558
37013737
38164395
31024788
34143805
28816868
38314040
36997945
29167901
37475716
33031138
19536095
31140989
29244837
28626821
16440427
38124009
36785763
37856800
24571025
37730542
36588422
24455256
29916864
27207998
33832299
30961458
37821836
34580930
31798278
25295855
33634119
34349719
34055013
33643221
34877365
31798787
28978167
31572170
36755671
20485927
37033167
34159142
33934869
21980230
32579192
21524544
29691245
32694217
29063732
21311656
32922300
37668553
30133838
33087181
36830671
27787364
21906279
36686831
2334207
20454462
33057064
32320946
32780790
32943025
32149345
33557298
34956639
32051762
37094898
34916987
34822400
34283646
34513902
11833096
24340137
25339056
37234417
28882130
37258067
33194401
26793349
37969638
27706739
24247920
30050908
25105777
32104072
33937440
23332529
24469005
11038031
37808936
37463340
37484626
16421973
37816031
37016873
33157371
31839744
27275436
23049224
20811010
25648854
20223996
29459831
30682027
29887888
29456193
29984135
36988358
27581578
20458761
33109672
38324626
30242313
29213660
27435883
29359796
29998890
29253418
37531470
27107445
24534500
19092705
36938416
24324767
32693324
29057268
24919758
25658095
25785002
25538777
22582102
32587181
32529143
31853448
33324258
31624418
31107332
38346032
15476300
19685502
32341798
31416473
30026839
35117212
32206668
33392234
31722392
12854169
23319943
31598048
38160452
26140090
29956383
15637760
25520088
32475675
27047906
28261653
34054529
32870243
19274349
29733415
22443872
9303371
30226306
12918118
17341300
29270316
18353734
25709385
25954730
17261830
25228870
38479924
38292925
32132351
22440424
18262442
17683583
27478731
30511686
17248818
38474800
22712526
26348163
24433956
21900519
38104981
15020515
22445144
27004809
19297384
19535884
9846649
19690543
23930185
33192548
27904660
11939317
11967146
37604381
29179509
27333479
26609806
24145263
21120049
24240139
35356411
21085485
19533807
38157708
26129965
22607648
24738804
20008022
11743892
18391476
38249413
24766669
15962372
29293784
11018650
19966153
24992754
23941096
22520447
14643902
32214993
9393221
27829375
27560663
23316426
9613380
18407591
38454283
20161485
18292278
20883502
31159088
22888213
27217701
22444293
33997474
16428647
929587
17131477
11925611
17610325
32215032
8338000
18184462
18293890
10416173
18931716
36474559
16224514
15224157
17437049
2393138
19300741
16351497
33424979
30166568
35705685
15863461
29649814
25618162
16829988
32447386
35754925
33253415
34648012
36250081
37851627
37318475
37248689
22440170
38111387
34658939
32344613
30763042
27648012
38192386
33116387
22875822
30246714
23825761
35498017
18212745
35903752
31768177
36330057
34295812
34213688
27171103
31456926
34033984
9718203
38018317
34447003
37002910
30356710
29489666
28415652
24007279
16820595
38277317
36514326
32684744
24488490
31673489
35967719
30408060
29695025
36733471
37082674
35333372
28522917
31949546
36821057
30038150
25583894
33959099
22028973
9098811
35433078
26171353
12679947
33414873
29104784
25690168
37615315
28473888
23548007
36246116
24344160
18458686
34733872
34438857
26770355
12399340
1991895
27819213
24940495
10469293
37811600
29267170
22444929
33573968
27752326
37113693
34223461
32715094
31122249
37834412
37781254
37006540
38065682
36224555
34130279
30287608
9276822
38191000
34727119
37732685
35594658
28242933
35076572
25031679
30233483
21193684
35999710
27994912
12542561
37203821
33688158
23874690
36747389
32097884
31482376
29400010
26826749
35863925
35450994
24146967
21282262
37400223
29385792
27881409
36233521
25479598
36713993
34628866
31546479
36389016
35043245
28188097
34980465
30918809
12701640
37456332
26679656
21677058
36207265
36582733
24898235
11310457
37279782
36944933
35433218
34269806
22178833
17007639
11751109
23277735
1911009
31662897
28891476
28538327
28275366
22510792
33458487
31867515
37733945
36267764
36213296
35185592
30203788
37090443
34707500
27834471
16479943
15526369
36061566
35212440
33383609
29762720
36410414
36032467
34866931
31065678
29293732
23627527
33282623
23573153
15345059
38169979
28419286
25722864
23304194
25885334
34480832
33575269
33407169
38039003
35601620
33575270
23888176
35055375
26997962
26000027
30463590
38356727
38047106
36844817
36249742
32952920
29545822
25379623
22913870
32879731
32759265
30588055
16578868
37532473
29643531
29641597
37466620
30025154
15754406
17940575
36872673
35127588
38131018
35074648
33105677
28316910
27280408
24840246
31537370
33303434
32790705
31392210
34999346
36764183
32988370
32776133
17612075
34377116
28233846
18087151
38155891
37653440
36993893
35174188
28367223
37415696
24454367
26819604
23691521
38249817
25659283
35757379
19669175
16276064
35231847
34696569
32760421
31063090
25924174
20198574
11084964
38278293
37153420
35295697
26928245
33141160
37252289
29114278
36204185
35434137
16518350
23637954
16552807
37275644
32072368
30762916
28076494
38266495
33603620
19641663
33907484
30122756
28790827
25429838
38373837
38106268
37351309
32707098
32586670
27898678
28422087
24398299
34291093
33024486
32869538
27733360
34629070
32075827
16829672
5541008
29462878
38469137
38058795
37608153
36249794
36069982
12728469
22283622
19306929
31895777
31394912
30662852
30524846
30124864
24432337
37969630
36126420
36253218
33269223
31334129
30541006
38328337
38223126
34330786
611497
30813130
35549589
34145352
15497041
36501081
32448712
28133715
22353904
12419934
38440294
37820670
37196777
34795505
15863957
22290463
15206610
31030204
37878341
23762583
32198480
38489991
8597679
7793863
34268287
36118703
33887820
33912713
29868920
26558170
38020088
29882549
26567758
22807617
36181047
35958869
34117986
31999338
30974821
28149787
33584520
28917242
23774916
37731474
30540658
28868090
33894762
35117699
25859870
17589953
21468332
29344038
35923430
8888965
37947558
37743684
28251071
22440460
18848688
16277970
30127122
37889503
36651607
31722373
30427945
33023713
33344950
30376070
29564408
26855046
21924370
10450680
34054652
25161687
23082706
38058692
22171146
38490016
38371499
36866094
33031266
31677834
31577752
36330192
30123126
10639354
29590486
28699552
27122685
32686455
26769265
36117844
37007095
27116208
24505102
24937941
34055030
32794642
31036791
37040114
20216387
37655240
37139116
32784845
29495912
27800174
31311555
37746943
37408367
31760967
27665923
37147616
38343642
37758746
31657286
36057913
34725671
38494048
31496559
29901579
32498525
16224526
36997905
36837777
34444515
36819715
36685030
31354627
37576220
36437939
34260513
29391949
28557246
25576473
35242444
9550590
15754412
34454642
37965199
25860130
19308750
3958335
35594240
35346062
35072304
32429724
31545344
29849721
25052699
32068856
26535600
21734821
9728492
12679944
37968367
35759130
32685458
32000409
36408259
35095722
34290624
27733391
33437201
30867522
25029276
12670835
2399856
37287639
33923206
27616599
24473764
23775017
38490138
32567562
23597235
18807912
14672199
10986022
37114404
36771237
35160272
26735222
37426415
33628310
31108924
37832985
36685862
25244021
20832232
32667759
31747720
35347290
38472955
29049174
33173686
38457562
34407114
29166135
27661399
36297574
32690502
32598950
16935972
38429757
35746497
34983442
29229090
28571984
26996569
24622778
38318892
36635858
26880669
37593349
36307153
32227178
22938427
22593126
15637762
20206078
37571356
29172257
16277690
35923554
33042919
32730570
30186189
26680546
26495018
24520474
19266101
18936064
36091394
35403146
21432477
38472953
31371916
25646846
24596598
35509709
34093450
38172429
24819730
21266708
24683242
38318020
36980351
26186170
36747771
33446730
32467847
31057425
15061789
26558858
34732665
27651602
36923290
36185176
31127812
36652243
34935881
23565005
20350676
38152136
35260187
33251245
28536575
24311958
18066472
36090915
31607794
11307933
9420061
32281316
36016875
33875947
27703956
19516272
28393039
14966928
31012935
37876510
32219132
30270020
10796420
37251454
16206562
15774443
36302938
36072639
35950385
35402523
34535275
29320235
26598759
21074193
23164260
36354747
32132864
29893862
38003907
37455970
32913474
32908685
32184823
27298663
23031184
17592237
15548811
34324763
33726528
33391074
28460415
33485828
33029634
12808266
34966523
33638324
30997265
30619654
34979959
36627330
36578546
36464777
35769903
21197342
38077641
37497571
32655664
24156640
15299988
35445067
37959406
32462087
31263597
25589900
19582196
35480574
32496108
35873437
24587681
37736873
34585852
35711995
33734966
12145115
27296432
18320351
37362990
19920952
16472384
34928324
32180739
31018615
28520832
37390805
32353668
30452648
37010868
35811710
35080133
34462579
34440573
29510360
24052897
36120360
35548461
33416436
32831852
29093360
19923478
37891491
33157908
33061219
29483882
26423518
11956572
37570429
35160075
34778130
32766178
26998003
23819119
34173089
32269648
28730117
20412932
38313812
37564990
36438013
35966790
31190918
27578879
37043940
36479297
34580865
24789334
19168518
37110066
36117694
34401001
33335399
32489202
36815174
20967424
20338435
30990475
29270000
26063986
38078229
35412651
35134094
22855629
15273148
33214920
38437468
30430082
30046237
28941822
21601026
21765793
15155372
30883665
32293682
15498051
10854020
38169559
37780042
37686736
36230290
34635513
34285100
30147845
26438494
37623281
37282483
34483885
33946497
26065984
37796847
37111264
35598145
31637189
32082137
31288240
26401163
36304482
35898717
28906393
27458480
20495630
23120630
15166569
9734627
38344688
36800079
35075782
34550115
38115848
38056566
31530307
31261530
9060128
28485323
25965382
36722636
36279712
36060937
34176535
32999138
31453517
28895427
37905161
37519739
35396309
24349293
36858284
36240990
35186695
32999974
29922395
10478806
38343819
37361597
33082217
28422862
24204215
37935314
36083472
35745197
35559232
34946371
32312070
24841419
37007927
36992792
36787314
36204670
35756197
35190743
34262951
34016202
33262437
30532154
30050958
29576766
28856205
24862842
24687909
32701588
37218886
34705941
34581296
34485717
34360379
32395051
29088879
24204087
37593223
37012059
36408243
35370836
35355084
26035162
35874520
32977741
28572943
19873366
25901292
25535729
4664935
37772317
37398963
36159504
33598443
28572939
26979177
24019626
25205957
28314890
30190800
33916204
38310964
37170490
37604284
36046272
35942379
35585529
35382972
34087824
32296098
28851930
36034929
35610194
27631378
23840141
33424316
38473150
36858860
29434024
34352116
35887756
34630312
33081007
33255730
37664165
37203039
37042090
34733205
31416508
30274252
26010229
28316745
36439016
35324768
34635514
33573967
27174878
33833719
33196488
31439016
37046609
36437771
31346337
28260699
12872973
33197571
31382894
29073156
37634757
24796681
37160733
36990747
36003106
32705038
27829754
22348378
32370578
34604281
34054409
33154725
32928018
32148940
29798547
26449420
19233783
17248856
1284402
36743896
34387334
27403867
23087862
37585896
35392841
36092166
31978649
24937099
35142669
34964826
34585128
32633380
30761029
24928586
36316416
36304063
32385065
25560750
37382320
36816045
36618341
31759590
31354203
22440313
37305059
36337390
35833030
32211204
30429142
26844462
36099651
34848169
29670048
17451211
8672319
38360877
36231244
35646699
35645149
35464151
34220480
33681117
32982343
32883899
30927349
30759737
29755989
23510273
33045678
26732441
26064294
17711539
35747383
37854376
34832922
30573979
24977136
23378734
37007735
37215381
33101416
25189786
37530139
36713913
35529250
35320314
32595177
37297784
35479267
34938878
34899566
29409562
28985260
24009259
37386414
37349708
36980354
36795417
35991023
33186135
31966390
11487513
29769166
24615116
19096566
9438273
38362040
35594243
27731480
21589206
34955840
29595680
38364979
37936619
22928383
17266737
14576551
32476790
38061586
36160746
31584443
30140296
16988140
36848795
33133677
32760474
29617803
22070196
19307628
37284554
36219606
35854850
34804957
33585905
31921648
29813131
29399212
25971946
19635154
35565543
31218213
24701246
7546995
38335860
33862438
33707812
23840614
15962379
38001479
32969673
31952309
30425351
29293702
17183119
11466244
30845417
37991441
36650496
36544847
34457912
35719991
32461976
31581429
19305831
36822397
35360471
31050195
20001598
9692772
37720377
33158581
36532674
35989754
34924999
34897562
34025464
31878176
25369011
21276230
17012343
819419
36110814
17891921
34746039
34686464
31572172
31218667
24187469
22095452
17501563
33598010
32548134
31861949
30069463
8648879
1547414
37290979
30647803
38136051
33882937
32374781
15040039
38165710
36867072
35400498
31938623
27134527
26231350
19955195
35916137
32716410
28219924
25412414
15322684
10990111
37283105
36998451
32697144
30416195
28520853
26596326
21183056
17784935
14606091
38282962
32269656
31367268
17210627
34838823
33945819
30120759
29785120
26490760
12554890
12030667
7951774
6389598
38313632
36414619
34432217
33516278
24916058
35926264
31516131
30705766
30375339
28934304
21477478
9387967
1316552
31858114
36432603
34842579
23400292
16839594
34323983
34960022
34574572
34311426
33060091
31575376
29954747
29748766
25777936
22369095
109467
37698750
37513657
36966686
36434025
36292372
35748935
35259570
31973038
31827444
31168050
29726960
26939208
25780521
17578573
12967256
38111386
25178288
26556485
38018482
30402280
27742629
24665350
36545264
34421508
16314878
37033624
38314205
36879779
36438769
34569167
33130256
30693107
10856729
9532511
28831282
25550896
22627475
32528742
11518205
36631320
38381940
38333259
38223071
37141780
36374395
36248755
35395577
34095170
33583226
29528879
29387445
28239540
24738079
21871773
16750552
29128222
24588024
36767826
36859278
35172089
31921439
28913504
22956309
20488819
16552822
38250124
37854987
34310654
34278038
33995238
33479487
32623432
32513111
38394543
38347856
38194828
36934999
36817122
35847363
27813124
27401832
10400004
29946464
28816228
27907041
35547428
34511796
34307164
32184879
28877916
27704032
27190108
24361673
9778001
31697777
38216803
38146416
37752344
36779051
36653739
36424319
32377430
32079608
14747216
3580726
31110924
863238
37266884
36066155
30428928
15483202
37658097
36316759
33133556
11788233
35968314
32982918
30158897
25876039
23319476
22059204
20809906
16188911
12946966
37841470
35250054
33995608
31412586
24688936
22791910
23835763
28819835
36743154
36588575
33328123
27189377
33518601
32362683
8739761
32921462
36458389
31894135
31802913
27633301
22470267
6458518
35858199
35309109
34830764
34386280
33755964
33330592
32300743
32020385
28981375
23221061
22716100
21643179
12386087
35145976
37020878
36268084
26982453
25512273
11471036
36455248
34118836
31381574
30402256
28338706
26620577
25352261
24286214
20511445
37915963
33328078
38287298
30904275
26550109
35712455
34624372
33568402
32865172
31228788
21799397
35846950
33569350
33348799
33324959
21293450
20633669
17684221
37637918
37162783
35669466
35651882
34862861
29622404
25557303
23591943
16286530
35776016
15615011
8184407
1449930
38111949
37559986
37532657
36052256
35405659
33511229
31772656
31249528
28947866
26004350
22383502
10956293
38246209
36475355
35059085
27468215
25414069
37076832
36699794
36591078
35683420
35188313
31789950
31694687
30622069
29678132
28231784
37868819
36978649
36801545
36687459
35069749
33628732
33282888
31209409
27123931
24276858
37895451
36658654
26412845
37365813
33728289
36105194
34147222
27867690
27088360
26051560
22440339
38246544
37303479
36259043
34099359
31048878
26754005
24817299
15212931
38361921
17873970
38496221
33178982
32864543
32095430
25830472
25049594
21692759
18663299
37442482
37414431
37205918
35923659
29068522
28231259
20884177
12689974
19869503
33691680
37021158
36157474
36137122
35546448
35499823
35462001
31693787
26376775
22775981
21285532
20185629
27429880
22869094
9872721
12797163
38304113
37731854
36352853
35860502
33824678
38317903
33910323
33076348
32857008
7826823
8471434
38505564
38321419
37277718
36364804
23446104
37920205
36606133
36451923
36237681
36112259
35292971
34568390
33399473
33391151
32850896
31432039
25987449
22923633
21636561
34190963
30016636
28251820
20171976
37622757
37605755
34367252
31649497
27660430
26221409
25353011
24563794
23251262
17109762
9804568
6274914
36740601
36518102
35407550
36474884
25852731
25663959
24060991
10533708
37057202
36936660
36001439
35155299
34665928
34113596
32903805
26526469
19156150
15958224
35778680
22032272
34578866
38371389
38313408
38223333
37758140
37085843
36895280
36620525
33215098
32461834
25880411
25528757
23943465
23100461
22440461
24363726
33052607
38389263
33802054
31602260
28854283
33466466
29160406
28149358
27843748
19146687
34735572
29358587
28951874
25763278
23688260
22170619
22011888
17327265
37483478
36711803
33017425
35831049
33222858
29622587
15884133
33787519
18725338
37408744
35003219
34524147
33206656
31645496
25166753
22802090
38405374
36507777
30572450
32186055
27655369
27095927
26312230
15805634
11149475
38113072
35011195
34093419
30567440
32946450
31860457
34630476
33807777
29535537
28828074
23308350
22444371
27873928
37582571
35633921
34680730
22440293
37494360
37274169
29593859
29471383
28964690
32049817
31379955
30246009
17020600
34392263
31599427
26388519
38468330
38371177
36528001
35937217
34969394
20626214
11741810
20368376
37821975
37063729
32256578
36699933
32559636
22444852
37046960
23990236
16873750
38354201
37092743
36896216
36686708
35801647
34095166
33801028
33413681
27252149
26211824
22737276
2053788
38182657
21253392
37869350
37710415
35548065
33283195
32993464
32957695
21355744
15454392
5096519
38428849
37367888
35445065
34661508
34420449
33489850
30945044
11989748
37637934
36990003
36777913
34421591
33330652
32943938
31215304
35541947
29270474
28339774
23725149
19287041
9192940
30057819
24895294
16811855
38390137
37277933
32819065
28850577
22858120
21085760
35767260
38354889
38076059
36554581
35203637
28658657
25832471
24204660
38504235
19088829
37599681
37191963
36879854
36120439
35398670
32477455
29356569
28711251
26028114
12452330
31441934
31054573
37814624
37795413
37228104
34998551
34708090
31417017
30957842
28078208
27876220
23305986
22114133
17598821
15090443
35261005
38188938
38060501
36010033
35620763
35378766
35323966
35117895
31940395
27006201
37991119
37904378
37811326
36407976
35365552
35251304
35051761
34601205
34358411
28471559
28083899
27639269
16277723
32722112
31294719
36589324
36118745
24772341
22664803
21892325
23155341
37614320
37522683
37457665
37007754
36928139
36875831
34785919
33401502
28042648
27992489
26512608
12030522
32089305
26780465
25693944
23653636
21914537
21425897
853287
37555820
37261184
37179914
36879085
31819460
29788978
29755414
28572881
22021892
17117434
11172656
35948950
32210070
22952509
37361284
36009774
35220278
34228140
32508876
30233478
30156659
22529980
20625931
11179267
33536032
33145664
30871503
31204791
32253903
28670196
23077447
38359039
35857937
35431994
34961832
32842208
30978963
29850469
24289721
23468258
20104485
863998
33656051
38111394
36589782
35592117
33461735
33245343
32742483
31850367
31432431
33520844
30388741
36034440
35834253
28642995
25243736
12695456
36943264
37960903
37548183
36246947
33707993
31113613
28319195
27233356
25417926
23383320
17488767
37960227
36398259
36093551
34329948
34070279
33911931
22912799
18229569
16467458
37570209
36049073
34976645
33458272
31101026
28987630
27162736
26155146
21441300
19347210
33512777
36494231
36212947
35708687
34079723
33665166
32349682
21144284
34719125
30034432
20619700
18067671
30943635
875133
15962385
37996913
36320894
35295564
34025408
30626552
26493792
12589398
38186656
37809991
27386318
26693407
26221168
25632335
20689789
20442021
11469642
37715175
37680735
36415139
31708771
31474854
29765520
26285585
24521521
23358414
19096072
9738519
36882199
27600714
36318882
37398493
36147572
33716343
33150242
24459154
19087290
35684053
30321212
28638892
26595447
21234613
15615739
15013978
9176530
37371353
37846221
33239861
32277629
31973068
31154941
27734793
24008524
24149485
31303314
28954846
26970900
26266356
18799025
36507320
35943446
34912266
33643410
33390990
33115446
32838238
32251018
28599001
16425420
15692810
5150043
29354706
27313754
26880909
26609428
23326099
3384366
29564157
37707814
36922806
36257238
36034416
31921477
17562275
20091554
33545240
31512140
30519274
16489656
36821912
38201337
37693006
34931749
32769140
32641126
27742564
22073256
11181424
38214920
37724454
35915678
35586828
35305344
30260964
30252870
30248104
30104807
26858792
26544718
25123382
23468264
38352505
38312535
37275161
36152446
35795054
35726323
33116374
32765951
30687512
22911856
21740431
12081808
10375809
37404227
36818236
33624091
32668021
30808855
30025913
29785141
27082584
24655335
24153417
23381741
19221352
18207354
36498323
36438881
36113868
35280177
35222289
33998034
37034531
19744321
19550414
24958153
31535936
1972937
37953276
37372479
34747737
34413807
32351752
25989611
22440094
38476943
37956899
37553588
36620583
36533133
35995967
32785775
31587909
30893345
29886733
28435894
26580436
20093827
19774376
17937811
34573898
29856776
37777273
36865761
34721015
35712674
32546884
32433717
31515854
30562746
20423813
17372303
12958111
11716245
10414403
8606263
10720355
37361162
37153773
37089918
36932445
36093139
36065787
33535784
30963513
27733168
22178825
32192498
26604369
29480888
35946752
32496566
24558988
38438965
37351052
36595535
35811962
35121388
30298097
22662214
21943755
15921785
15832415
12075055
8815939
36798908
32943804
32375461
31200427
28335089
26672963
25699081
38337737
37365666
35832019
34763494
33823619
31286702
31169675
31016122
30524871
28727663
28445285
25407010
23346287
12679929
37763646
35014759
34253356
34026628
33067897
28854979
23539666
35240824
34177757
33488025
33277779
27537268
24763506
22265071
22267465
15761633
37923499
37868769
37545930
36856310
35464076
35184975
32441566
32320977
31855614
31150424
30697254
30692929
25686332
23339356
23300349
22638607
17021179
16875973
9741525
2540134
31930781
37056345
36397327
32736612
31784412
26848315
26365930
23951198
22301930
36696436
31610616
29271382
26893688
19773621
36804929
16592155
35505425
30419125
26507338
36582320
35573912
34826984
34566859
34056123
33766529
33041980
32039831
31191087
23783291
20932294
15923669
11819286
32595589
1979954
23956868
36081594
35273048
33245131
29043300
28453545
26901529
25636964
21909685
18039605
15156129
38099560
37978455
36088808
35617274
34341785
33054533
30239557
30023364
23981569
29282010
25103544
36057556
34535074
30466099
26014798
29545954
22100815
2341809
37899209
37711770
37609538
36589414
35873289
34847961
32846758
31772532
30543673
28708844
25683674
25544164
30082522
35465949
31156753
30103487
29600184
28872392
24671050
22797288
24453714
14566411
36676102
32940559
37746301
37213635
36515305
35937593
23639556
23584488
24149352
16905626
34097369
38061595
37735354
37648472
33539364
29118498
28919296
28460759
26682165
26110016
25860207
23569090
25049811
23235532
26020037
36198511
35109887
24838729
36339738
35735650
32667386
28944197
26712088
10365036
37866029
27812678
26474614
37426291
36845629
35468799
35115944
34530290
29872507
26543780
12508372
11316131
34822430
34354689
33890242
33841954
32541985
30003237
28357067
23165609
21464376
18613215
29246004
38110541
38023378
37512502
36713658
35206439
33912688
33110696
32831106
29077770
26496312
26154689
24364839
26405434
37072863
35178889
35526520
35086551
30725083
36862216
33743477
23152207
35383240
34554867
34258051
30022887
29845032
23484110
22558956
19018112
10735758
37355570
36819719
34489996
34444538
34150817
33643165
31480188
30251248
29546922
29156841
28596788
27878226
24863551
23095240
16332664
15082870
10088989
8654656
2016443
37576839
37521078
35111981
35099406
34248792
33083117
29617805
28449003
27652790
26312981
25049898
24532504
25533265
37732392
37101717
36281228
35914641
33922239
31004153
27321293
26303349
26102282
25206285
18239655
38178128
37479517
36519383
36451822
35883224
35193139
35016410
34733882
32937041
31507427
30798742
24830881
17657283
15643010
8562297
37232597
35975256
34412096
32187287
31221623
30988859
30085277
27390660
25049785
38324254
38291355
38264647
37427711
37330689
36117241
35035613
34108272
33878852
33632307
32899794
31892357
28424154
28373148
33231939
37127760
36003504
32631439
36678570
36438736
35101817
33791115
33367161
32411602
32148635
29422870
28523242
28067295
20677931
15510556
12919183
10601146
9602626
38415140
36817591
35889893
35069427
32064133
13740067
37939367
37348219
36584078
36038116
35832484
34629814
34263628
32725771
32705023
31107735
30369202
30025132
29561966
28390188
27631249
24590454
19763120
11018167
35340783
38250485
38105569
35304036
34705259
29935574
27289202
24597664
24224419
23990997
23626861
16365066
10580396
6607835
25694746
36910513
36890815
35509243
33309360
32290549
26973273
26427104
24937935
24755386
20459730
18657005
18421217
16221233
36621787
28404200
33637335
31397863
38189420
38073625
36978524
36013054
34611430
34020290
33860482
33745000
32036971
30181814
28123622
25678481
24053730
25049550
21949543
22224185
12231599
11961591
36103368
37539237
34433476
33575324
32926075
29198003
27307718
27100157
22460096
35309853
34995304
22655192
35997312
31991706
31381157
28050060
26966023
22689908
11286483
10678087
21432203
3207980
38214193
36422553
34263635
30600626
27262881
25783425
2152882
35236664
38312652
37523428
36961138
36685009
36438824
36082270
33665433
30026934
28105260
27242536
22259678
20505838
16907891
10853859
38111932
36259579
35271711
37551404
31624460
30506018
19476653
19222100
38337562
36761223
31294743
31268541
28492739
34876071
32219139
30631405
22696327
37256086
36506200
36307262
35502050
34027365
32832390
32320629
31723434
30815552
29175493
28628373
27558470
24616815
25191435
20022229
19177530
12817460
10736935
37235112
38362816
37145255
36872078
34952922
32916415
32322447
30306022
29223775
27892482
24334158
23435736
18677858
16571860
12819645
3712968
22440764
8881623
16345888
23112554
36908848
37926898
37805175
36670389
35151269
33588087
30971982
30053807
29371270
20360923
19142056
38504182
38025681
37416471
36660704
36360441
34475626
34466639
30518736
30197597
27665139
25987403
26761491
23847667
22534701
20380714
19567921
37270488
37154209
36577260
35649004
34797275
34237978
33080993
30315267
29264426
29185232
28809606
31966665
28158989
25524286
24736694
24630652
23132308
2547409
38414779
37941998
37481603
36833566
36794166
35252934
32295734
29599864
25317400
27234393
23098062
21310112
38328391
29041911
38411386
37936116
37075166
35386191
35385475
34859875
34628893
31422735
29211905
28677354
28118309
29708197
27065016
26508743
25006365
24116054
36506550
36494778
32939554
30281641
30246717
6615472
36212945
37047163
36032351
35924679
34558838
34307153
34049391
33708260
33409093
31958305
31260072
30789654
28193782
25467842
20868511
2495077
36926446
36582701
34926224
33123206
32542200
21971687
17881680
15858118
38367524
37909531
36354114
33997857
35141611
32011734
27300569
27167267
25905994
22439992
16949319
15991286
38106898
35836163
34111243
29896015
26064414
25905077
22888334
19102775
37245034
36262252
35875587
35387439
33042816
32377267
30734996
30509965
30339671
28680356
32704640
24236131
17351664
34159255
31213763
30584321
30007290
29155996
28426694
27832647
26954115
23726426
22767324
20967253
19705233
18698483
14639966
11874836
8329250
2064061
29622968
27449347
21887854
32870936
6801090
15066220
38189048
37745368
35957678
35513448
31915452
25103562
19751519
11441844
38410115
37761666
37720492
37517786
37275639
36187944
32460292
32407347
29472742
26088810
25984682
18556632
12967259
11350848
10952607
37533744
37456310
37301845
37228161
36238475
35711350
35620410
35406046
34188735
34098972
34049579
25816759
24533109
16940390
11849853
25607166
228248
37296679
36757859
34135579
33335924
27465374
38146972
37898863
33122885
32875012
32408575
29584768
29542805
28915626
28074139
26761415
22454718
12183501
10460766
38310914
29154402
38008742
37754972
37629741
35299764
35293349
32346594
30197797
29568404
31938275
29100345
27072225
22945707
21603013
18621851
18492997
15641931
15623842
37840062
38414520
38231546
37351285
36114876
35225441
34834518
33070110
32581462
31974051
31929853
31525224
31419167
30206073
30001379
25675149
22898447
20178212
19377625
2647815
37152035
34395477
33059717
30154687
25040192
21861032
18296847
35011020
5441988
19476278
33436718
6721986
38304115
38107493
37447350
37264384
37088856
35432766
34444889
33998169
33936968
33253792
31799112
31459730
31375459
30223838
27121737
11171685
30856728
5572683
31332776
38350301
37051825
36711486
36032644
34651006
33503630
31536522
30142850
30140409
25852759
23445544
20704713
19900211
14963819
9918330
38424453
37249185
33208094
31413180
31396092
28975248
36699027
33928530
33413327
29984195
29691992
38261862
37434822
36157397
35836989
35768094
35662963
33362573
31787923
31632975
28797463
28403096
26323395
26266037
24886049
23194432
21474633
19811968
27259525
32961912
31867675
24027383
37273879
36639209
33934054
32987953
31587908
30484820
38486770
36569332
36034851
34572361
34113794
34076130
33741153
33214211
32615060
30993086
30376909
28121346
28074135
20125186
36615568
28761253
23096920
22328956
19389978
9839240
35817336
35428245
38051918
36845659
35847787
35137461
34514174
33612617
30223466
29379383
28972245
28614232
26949353
22562185
32231364
25548564
23983685
38264649
34805309
32990739
29984933
27144723
23318721
21201570
30991475
37346345
32082990
28280368
29740819
38205319
37559771
36479290
36143100
33436104
31848499
31590465
30450162
29061604
28045945
26445470
25411440
23532529
21822388
21159940
17413113
12324671
35913973
34760045
32355581
32188217
28314943
27861357
17269845
37705988
37583607
37107909
34158576
32457926
30370591
29151369
29088884
27877172
27857957
27607649
27249610
24138301
17345999
11914151
7627035
18261446
37507196
33599556
33215163
32794606
37762990
32045960
35048993
32051926
27372743
25784993
23561038
22778565
22171783
37001647
34930183
38297303
35313675
27810980
24086353
22436149
30988122
38247980
37396673
36989212
36514311
35959319
29769168
28987576
25735652
22971333
17537783
9107328
1755636
38370893
36735731
34832202
34831004
31694727
29659350
28446403
27362581
25177176
1318677
10602318
36602852
31995570
21748020
38318331
37582807
37417564
36767939
36556448
35956353
34816144
34754289
33663454
30643448
29113384
27447716
26909974
18560450
15685231
38474784
37996124
37777582
37203838
36758182
36523850
36164262
35288728
34119394
33293965
32082180
31773810
31767809
31407014
30941976
30517100
28989282
23245266
22787526
22446987
15309732
15206618
11092673
10975886
37832051
33984499
33850646
32597925
29772082
22028154
18648052
37786851
37426182
36612558
36245488
35273783
34604062
34307922
35187243
28244565
28054644
23206480
22247703
21034355
16396653
12587613
7986006
16667660
33509752
37441691
26006174
33779746
23326122
37571953
36582839
36573185
35379041
33425941
33061257
32596230
31935870
31632342
31453439
23927830
23533216
22675548
22174327
20440210
17135614
9582379
38147822
37111214
37051127
36967345
35572959
35783899
33504135
33087342
32520164
30638441
28574993
24791963
10535857
1587425
38020616
37822416
36568541
35895687
35636997
34955692
33163229
32501613
31768408
31666784
30451130
28631242
28545078
27588277
26702254
24819423
22614456
22576953
24175166
21252007
24421994
20151029
18622479
10791797
36858677
37074715
36824250
38489676
38274455
36998904
36292102
35988401
35399927
35084303
34548966
33717864
33553835
28972976
27336862
23950647
22537327
16463968
15933792
15821645
9623439
1133165
38251282
36552474
36535749
35290508
34292297
33114387
32102133
27194305
26488726
24324789
23171749
38033881
36658658
36159044
35873159
35693622
32095195
30521633
30062736
27253187
26903596
24670008
16937536
9158109
38241222
37763779
36683615
36607855
36359565
36111392
35749354
35711579
35187040
34577871
34207473
32849900
30971904
29872330
29224980
27406643
26108097
25072409
24551076
22732892
21143876
37565903
37534687
36600966
36252264
35599737
33224892
32733223
28244777
24902703
22612977
16956552
14531819
7564092
31222121
23105183
38229844
38088967
37699667
37370107
36979222
36761409
36513581
36092358
35645665
35463797
35251959
34769624
34704488
34122566
33846492
33031950
32648417
31781396
31765479
30522830
30487751
30360502
28199762
27852079
25366004
23191980
22866606
22808000
22378730
16476698
15170028
37962919
37337608
37318474
36992869
35720841
35535158
35013446
34572220
33619807
32554957
32454794
27932870
25961831
23219304
16112902
12632512
11230507
38250008
36429303
35463841
35185200
33354540
26778889
25734005
25692816
25221705
24425906
24101864
20814622
19724700
22443730
16493401
16365926
14627440
12390993
8923261
33288676
30987632
38101070
37325042
36324119
36060465
35911656
35833034
35574350
35535653
35075823
34454833
34320021
34012912
32678708
31080830
27266819
23849415
22945709
21568983
1831588
37817799
37534209
35974226
35669401
35366850
34926391
34856946
32114940
30122408
29709285
27500112
25748739
33826252
36068548
35442108
34416596
19508594
38463615
38400200
37668027
37407036
36549580
35597794
35274729
35190322
34403648
34141986
34059106
29969705
25589536
17228363
12218533
37275360
36612643
36505388
36008794
35786394
35001889
34459774
33152746
20517305
36213139
22370361
8950671
7788211
435343
38180758
37952073
37692184
37455592
37449988
36304585
36269184
36054314
35788082
35511858
34959757
34952878
34903556
34295658
33210068
32748799
32079317
32038988
31718666
31336780
30920642
29399279
27651735
27624188
27516926
25343719
21321616
16269590
14716828
8702626
38028405
36869105
36824654
36189917
34646311
34200080
33612607
33330887
32401911
29326622
28070008
27570285
26628951
26305175
23543763
21091663
18944359
18854275
16874776
20396485
16131502
11239139
36006668
34714339
34336736
22166759
31414952
28302708
36263414
34899768
25130961
23991389
23883639
12701632
17590671
36729456
36575595
34072912
28903161
35574007
34234365
32234053
29358888
28487660
22227199
20630453
10428924
36104141
34295844
34545695
37314631
34548919
37560737
31241035
25151529
25049938
24402863
23459015
22977507
19606428
16531421
16097450
10797172
3189913
24069515
15914097
34132736
12800245
23901236
23599621
38174339
37306203
34423740
33583734
33292716
32981467
31094647
28640344
29546175
26110144
25532023
24334827
21252949
20688279
19535834
18198990
28207141
27053887
37888333
37754042
37662897
37287754
36908550
36588299
35842598
35785225
35485702
35422751
35251388
35059408
34475762
34427859
33013294
32948541
31920447
29026411
28578249
25100236
24481263
21731563
19497130
19134191
18405520
12452320
8355470
1513096
29142478
30264852
30655009
21917518
22969202
38462148
36332494
36248369
35873428
35748057
35399161
35264644
34986495
32595539
32445322
32118014
31562382
31139095
27105507
25151875
25049982
24994945
24514094
23826274
23107928
22440411
18330455
7729728
29530422
36225682
35391528
35064063
34141619
34015894
33747428
33088061
32904291
32284831
31698401
30364238
28272233
27973381
27136375
26826301
24639930
24309171
19478475
8173453
6308672
30602402
34501214
32453739
38264334
36926690
36895487
35581102
35370888
35095697
33422059
30846017
30813467
30299902
24020630
8408933
37220941
37324390
37186763
36756192
36355941
36033538
32165931
32142902
31496644
27877780
22298979
21713234
21461250
21157734
20920341
20191528
20143006
18335104
31985055
38223042
36815091
36404722
35954708
34746911
33051274
29527153
28414655
27660199
25608237
23971971
9449334
31603488
38434444
38298769
37816802
36873988
36733432
34938661
34778044
33708883
33489333
33410229
32893513
30880905
24415969
23532866
23073605
20537159
22443819
10934640
33670
37868990
38423101
38218805
38188705
37762686
37273751
36865472
36824218
35370974
34887302
34848039
34679510
33997780
33158503
32448207
30620145
23298122
15547027
37923202
36053807
36440034
37578452
37431714
37124404
36246644
34762713
33415833
30225445
29278878
23451814
38384660
38328320
37965219
37389117
34724973
34322297
33916750
33072572
31258620
30128805
29979797
29576904
29568407
28190658
28107451
27517940
25317688
23844197
17577006
16425386
12582218
26224300
38473363
36697051
36588169
35096540
34491305
34200254
33100960
32209063
31696066
28790848
27875076
27463970
22467996
11046204
7474523
38173700
34134714
33682337
33106331
26986094
24018611
18646147
14531949
38022576
36801601
36741847
36311568
35496275
34603479
31648475
31506337
29802321
28531900
27268271
26177211
24564486
20515593
14627497
10217674
38254360
33049657
37821856
37152969
37056989
36440234
35766201
35584881
34705851
34332583
34272256
31908768
31849841
26300519
37333923
30084230
36506460
36444896
36137135
35739840
35682055
35264949
32517718
30115076
29197294
20233824
11833078
12617779
33150326
23864776
34570170
37646809
34739336
34460840
33235963
29883469
34658779
31438869
24934254
36387440
35308528
33977734
33467913
35233525
35044465
34711175
34281550
33978160
33540413
30624584
28910438
26777212
25217208
23475405
22546678
37832574
36711726
36364890
36355756
36040648
35694665
35565215
34323154
34247555
33175128
31758795
31323221
31206069
30882711
30471907
28584211
28251931
26067428
23555169
15704526
38509554
35787093
34900805
33476524
32863826
32653800
31223261
27738516
26988235
26938450
25221953
25102072
23628000
23541782
23323009
17344328
17026848
38442820
38186731
37877105
37287747
36871620
36713951
36578440
35966293
35399658
34909222
34277052
33553659
32954920
31124929
28011449
24847854
16210416
15248899
11575547
38260833
37965434
37212185
36118835
35528833
35317179
35093133
34676363
34375768
33033323
31298395
28802297
26007297
23149658
23138449
22858531
18600021
10556922
36446462
36155742
35544287
36260395
38464931
38343674
37973548
37905326
37891909
37322498
37289728
36874091
35655732
35106117
34035682
33681902
33643026
33278778
32635470
32548353
32515603
32095079
30147723
30112198
30048238
29850403
29847673
32704683
28680933
25332819
24852453
21753064
20178114
18855918
18516067
12235052
2297483
37532752
37321018
36842654
36817920
36694954
35691259
35530967
35162422
34007233
33804702
33519936
33134759
32984395
32575616
32281612
29135419
29095017
28682869
28348721
27729776
26958067
29159082
29450189
24133514
22363719
21484048
16722277
16269526
14710205
12967257
12135312
11874244
38063642
37383964
36994174
36777778
36536972
36459539
36314328
35883861
35267324
33330722
31333342
31293438
31118707
30785954
29171088
29163971
29137370
28507575
28272649
28098214
25959175
25473632
21188155
22443946
22444179
12471385
11668137
6372681
4824293
37341637
36275062
32509809
32071693
31312488
30349828
30243019
26009656
24114305
29273652
36211122
35604521
35350423
34422520
32094454
28713465
25105273
26760936
21818131
16308505
3746444
32881255
20551955
11158759
38293413
28973084
27749577
19493965
34791015
32513909
29284995
27194921
36791649
36247750
36073772
35452953
35129628
34513212
34147511
33936969
30304103
26131839
38415162
38075067
37603503
37528346
37361534
36978818
36915345
36698384
36309738
36301837
35488789
34977111
34730801
34483232
33829654
32501976
29982151
28109727
27367031
26705428
26317992
25860220
18322955
36816214
18032072
16348709
36958299
35980639
35978453
35140616
34343193
33967906
33544258
33468158
32832997
29773759
26947424
26779856
26251635
16925890
15934094
15883421
38505651
38426071
37895347
38202212
38026480
37663830
37245439
36785672
35947631
35855968
35592861
33196146
30866659
29895654
29765626
29567999
29229712
28077822
25978316
22995464
37493673
37293545
35571888
35120159
34762784
33965955
31998022
31216529
30161216
27791201
27482664
25937839
20435796
17425595
10793590
37205925
36738286
35768855
35395530
34945823
33744893
33391166
32694971
32444151
32065666
29718838
28455532
26613098
22944522
18853055
12110020
38426298
37401417
37180814
36969634
36844353
36181014
35795866
35677912
34722381
34268964
34193469
34008019
32046306
31768540
31687370
30700802
29374575
28361838
26748396
25255331
22415543
19754472
16672923
16155106
15339023
10844831
37147598
35159471
34465799
33873100
33803763
33597405
28781408
28195355
26978427
26435903
26067627
25973227
22977629
21337420
20431244
18473491
18061423
12487473
11194044
8976686
38204867
37908911
35207457
32734032
27284280
22593708
22264392
21294032
11192649
10197668
26213472
36193473
34690938
34200724
32269683
29370429
24516417
22069018
21566757
20142968
2821150
37867868
29367899
34007134
35611933
25264288
935000
30119486
21206601
1519682
30921946
35801478
34352874
32368793
26679647
37641258
32501828
29950277
27605680
26269675
37192230
24252842
23341936
12211310
38432863
37867986
36991347
35477375
34239319
33477587
32469411
28542373
38298133
38242700
37673643
36908920
36590951
36531738
36284571
36113940
35487715
34914863
34395930
33815278
32953279
30006579
29851627
29487072
29211755
26929885
25475717
23924233
21801419
21622774
19800969
16038045
12540523
9631784
27020005
38446811
38429630
37303678
35813055
35338060
34931220
34640474
34257100
34169312
33340044
30962241
29780327
30035393
26769956
17510046
16775118
16085718
12676072
25448626
37767539
36972694
36902815
35073555
34276420
33345033
32191328
31605982
30782735
30147368
27509006
26894335
26274925
24303053
37168041
36798812
36187763
36120083
35391861
37388846
34050828
32579310
30068786
29692631
28571172
28319124
27651191
24520382
23321811
22442046
21448321
12200522
38371256
37756273
37371711
37127268
36339964
36062502
35441441
35304990
35070836
34179061
33718073
33471193
30127136
27602249
27407239
25309687
24886430
23155010
16981898
9135532
38419538
38311108
37861624
37636569
34459768
33913839
33573983
32518803
31113610
30719347
30637178
28854205
25364521
25138024
23678999
23433483
19114613
37280690
35615481
35173371
34882195
34867702
34593085
34575005
32642579
30186474
29713173
31938128
28210179
27066488
26629399
22540065
20465548
1530691
37148893
36472701
35193145
31743429
23482887
35215112
32898962
31637193
31440424
30766678
25248280
25202281
23487361
19905847
19227251
17554457
15827385
3521509
4018632
7425618
30792740
33266596
25483999
23738226
23487417
21463986
20799161
20683104
20573202
18796430
22589619
1453587
31071781
21903689
24988882
30140876
27329162
17149788
37296051
32792977
31593837
30573397
37629235
35945782
34436517
20730452
37690991
37104160
36816360
35707462
33954043
33651109
27657882
35991879
38451334
37711771
37639942
37538795
37157161
37057905
36879014
36476070
36061400
35685512
35502372
35349717
35249199
32932685
28275065
28267811
27522191
27478365
25526983
25190619
22461672
21521496
20179126
37809503
36816007
36453207
35898538
35340758
34658869
37034519
38323222
37627133
37582085
36033607
35899917
35833043
34778177
33883926
33520156
33503583
32528883
28697750
28539979
27906932
27030667
21387295
21355860
12780749
12547747
9293802
1662320
38379861
37885440
36481969
35770010
35573721
35399354
34855684
34768234
34379770
34329986
32849258
31612657
30847225
30775585
29740780
28278341
27379448
27239589
25007795
24152748
21336254
20921513
18068039
3263091
25028301
38356593
38051935
38034916
37928504
37050948
36634647
35424000
35308518
29601596
29589666
27569240
27057307
26404434
24743566
22930284
21492479
19017304
16141449
12560639
12445029
34304912
26115033
38188098
36543187
34504815
33767947
33462176
33329713
33283107
33003615
32371952
28894425
28859398
27862104
27196452
27190092
24799618
21834924
21646065
19695198
17872401
16468078
10831634
9637649
8822763
15294795
36926662
35664407
35647992
33895193
33195404
31592253
31020816
30105259
28953680
28626818
27734952
26505223
26218066
25739548
19117743
18642998
7878557
6160814
33175177
32528682
29329288
36340330
34950810
34632052
33821935
32970690
31751899
28344450
27504176
22854507
23572831
19096237
9876021
30991502
5096527
37492218
37331869
36010191
35793937
33553714
32774547
34527888
27579244
26176015
25210698
23155009
15126068
9849309
1739574
4723772
14489500
35127620
34291070
23899909
8664227
37366032
26831687
12810789
12100975
3366862
3947600
35754481
35235659
35111626
33278374
33234134
30363268
27514486
16209665
8787907
36603911
34432822
30794237
17588022
36774774
36459457
35442429
34551735
34040600
30322116
28235053
25658329
38476327
37202720
36946073
36848830
36651093
36249217
35951318
33577959
33176723
33119812
32337374
31672554
31261567
31075194
29587566
15526367
8343735
38381237
38359751
38274207
38034828
37510637
36447061
35308541
34691214
31949951
31889911
28186614
16166178
38010386
37484694
37214570
36689007
36684888
36380054
36187616
35770059
34465015
34395559
34246127
33750352
33604601
33077557
32502018
32308480
30813785
30002876
28831711
28554096
28338115
25394160
24187466
23560613
23146973
22480738
18230639
12865880
36155617
38461929
38322612
37628004
37189531
37098831
36551983
35356215
34509903
34337829
34145078
33019400
31711118
35116883
29982216
29951222
29680423
29637193
29492762
29163565
27905877
27843756
26703933
25500941
27355017
21437558
19741164
16842390
15655817
9565240
35233984
34581796
25907126
38146476
36348849
36275001
36120312
35655831
35562698
35480706
34993103
34848439
33817159
30733968
30096954
28634698
28278209
26237561
26107671
25066057
24888576
22967278
17725817
17041734
38395458
38275980
37841694
37558113
37503326
37035139
36502793
36225770
36186761
36117982
35655232
35059417
34661762
34589692
33977829
33692936
33103743
32391364
32159594
31690586
29293782
28423579
22525767
21694872
20700457
20599062
38415155
36852255
36832799
36046054
34874985
33200048
33123679
32943838
32245035
31479478
29685909
29333287
26981218
26187571
21441312
20199687
17397675
10065684
9516899
17248819
37385614
24574082
38361522
38222923
38090741
37554806
37496815
37316893
36170551
36052264
34993088
34876385
34479600
34443303
34191436
32821477
31637278
31196964
30694973
30050308
28692120
26239908
23758966
23701172
22159767
20515431
37577228
37367851
37367807
37035165
36873791
36647870
35903334
35337054
35308282
34570862
34385896
34249703
34098372
28939353
28915276
28588929
26577843
26163817
25751442
24989353
22904647
20397024
16803942
38053162
33915001
25892864
38293936
34812847
24943595
37675772
37644934
37487368
35935972
35356132
35288494
34956433
33122041
32904802
31682713
26084850
37867996
37245087
37143580
36420390
36407425
36226323
36179600
35836908
35448847
34980036
33676567
33441915
32992047
32867189
32392649
32369173
31613688
30345293
27081444
25047456
24379990
24164441
23936877
23531337
22398327
16914469
38328804
38211633
37927501
37437474
37187961
36909857
36844213
35265801
34778141
34026862
34006047
32455009
29478383
28006017
31149080
26434699
25580194
25328516
24763812
24205283
24162893
23319984
20686624
20579335
17686894
9915320
24351429
23633323
38192597
37481962
36931755
36174054
35978962
35456189
35082749
34581015
33902755
32488596
32074131
31772090
15208478
11011907
36600804
36566304
31125109
30865232
9077552
38027089
36483297
36276881
35965859
35803755
35769396
34179691
33348763
32833667
31562158
30041489
29518115
29049177
28816984
27812305
24247643
21850195
19952472
16532182
16375767
11285092
38439857
38271334
38264749
37959663
37732261
37508244
37404620
37215839
36407397
36299992
36264694
36175540
35815927
35769411
34926200
34630276
34250449
33672295
33612836
33287400
33133439
32127557
31443321
28824409
26641647
25279153
12417997
11532486
10858678
9621248
8703883
26463068
20636253
37089476
31008104
28395006
38491490
38365615
38343848
37430003
37256901
37170095
36875385
36238462
36192106
33511216
33136923
32777506
32741084
31570266
30807356
30773563
29194864
29180612
29176867
28225220
26229477
25633034
25397468
24626110
20205275
17297122
8848789
15000896
34520104
24782633
37711904
36640896
36570145
33938255
33605598
29302683
38480554
38414249
37765802
37567788
37056218
36969534
36543349
36292872
35600825
35407689
34416001
34123713
33979235
33282435
33173703
33138619
33098385
33042834
32751057
32676266
35529119
31475114
31456969
29137440
28689393
28599009
28502311
27061384
26221243
28804338
22828075
22123194
21629652
21556329
18941457
18651384
17276147
17213699
14724166
11848184
7944529
6911763
38264750
37880180
36926333
36281081
35212272
34902028
34804444
33594336
30608945
27859912
26109803
23164952
38264210
37554764
37408749
36296276
35887714
35699520
35181302
34901863
34671638
34660717
33851213
32322445
31054296
30715345
29095937
25485191
23758329
14633958
8102225
6852631
34259821
38469574
38260203
35088674
35047365
34646617
34505020
34447951
34084714
33530358
33472335
33029235
30675110
29423366
26884917
26683358
25651446
25187674
24217416
22827860
19196951
17469056
12858305
17424163
1610008
2031609
28415140
38034917
37492220
37178468
36670399
35600177
35461958
34987474
34744689
34578931
34354733
33403204
32893864
32651463
31756600
29851854
28464933
26184399
21593509
6788804
22115656
38213104
36531740
36367722
32527945
20737451
38413716
37812422
37223604
36703737
36601458
36247436
35511420
35243109
35202050
34917690
34867458
34545626
34276402
32868246
32328130
32252321
31885221
31844622
31623587
30370989
30310285
29957227
29931039
29903694
28634926
28121994
27694568
26350603
25280553
24706193
24430788
21114918
20854992
18931715
18385193
10796380
38500497
35305746
37753688
36699873
36649226
36213581
35450271
34007273
33947941
31781381
29103276
28928982
27313950
24991236
24520534
16422995
7640155
3699544
2816419
37220111
38321456
38223078
37941531
37904438
37663609
37188306
37142259
37052875
34495275
34462662
34268376
34087517
33923214
33525534
32477167
32458660
31129572
29684670
28595746
27981059
24401468
23497325
22668199
19690767
16837434
10526689
1452069
198579
37738581
37552286
37469975
36787327
36686763
36249221
36003771
35007983
34884405
34585134
30809634
21232720
20339360
17356138
37965220
37556138
37255834
36631766
36504938
35996110
35859780
35394447
30696022
30661625
25093414
24170916
10769297
19872744
38329745
35990354
31163745
29892132
26819736
26104395
24046590
22791674
22737320
18096963
17301090
11263243
9014580
17422684
16742810
38091317
36340724
36050798
35233224
34950668
34834711
33933688
33003533
32873679
31139144
30789954
30013603
26625819
26038718
25388801
24568449
24406421
24330677
22606347
18281574
17109519
24980215
37974254
37971444
37575982
37143943
36729837
36169756
36033480
36028278
35978666
35898711
35743809
35711706
35392654
35275380
35146164
34615549
33950140
32763626
30941372
29713479
28599375
27852891
27222418
24188964
23874991
22648286
22215947
19493636
24149946
16094498
24627748
37456311
37346066
36566199
34578901
34537064
33966448
33548046
32723754
32455424
26115160
25531994
17623958
16807539
32670417
31978080
31135537
36178684
29976140
36340072
4975361
36506895
36135131
33880153
29849636
29662919
26849121
23956993
16299133
6404339
38001416
37960156
37807997
37731939
37660450
37575751
37334131
37256217
36406934
36339092
35923968
35912201
35572135
35223893
35094707
34982451
34948819
34641973
34336953
33768961
33762248
33165160
33032285
32710123
31115436
30788388
30705283
30323862
30308507
26757789
25114793
22307240
19939994
10525552
38249365
38131571
38130491
37822807
34829603
34816141
34456234
34282391
33946280
32994769
28758846
26271869
24788574
23900450
23569014
20228613
20209307
15901968
15194591
11576978
10651207
36814608
38113199
37781199
37284711
36618688
36299275
36242528
36167729
35923234
34950625
34886425
34209579
33889290
33790785
33602687
33537323
33180646
32392848
32132944
26305781
24886532
26317036
21385672
20739615
17124239
16452103
15823447
11139451
9690231
7026617
37255135
38403493
37602612
37519890
37124242
36923858
36688160
36565928
36168394
36094827
35627132
31510947
30906410
29940616
29637108
27290680
25521513
25408779
23723742
22912460
18781603
15902818
11257297
10488195
31049315
37744030
32142501
25171936
35444799
26787125
38233761
37533235
37414810
37385972
36776927
36647879
36452352
35310129
35099050
35087632
33658902
32854118
32194217
32132882
32064281
31382754
29984242
29809104
29578628
29444256
28827561
27664082
26752241
25371459
24955151
22509085
21223536
11881866
9565847
8512068
1826490
2939920
37365601
38070694
37891142
37192588
36388821
36303677
36127642
35832243
35431827
34926292
34876025
34130873
33686587
33603354
33211297
32881239
31663282
28980284
24692837
17715185
15491498
14501504
9831917
9633933
194921
24901897
37310778
34657186
34211629
33936957
33335783
32792948
31972673
29681576
29045956
28816982
28371891
27840327
23327116
10946010
33759192
38322569
37850048
37482593
37123275
36920133
36743158
36104234
35354750
35189155
34137691
33637071
33380400
33257903
32962055
32760893
32708615
32013283
30992682
30894027
30568495
30555343
30152309
29514352
29455701
28628504
28507622
28328864
27516132
24506889
24119097
23960438
21248445
22444036
19123711
27877992
12003882
9816375
7880668
4655821
29988767
20457544
36948866
34705738
27637612
35432382
34836345
25961184
36338679
24794233
38371971
38034886
38020763
37339754
36708236
36388825
36262848
35602125
35348865
37124282
33914772
33882240
33343721
33076871
32859659
29627813
28972658
27268609
25879619
23099831
19356506
15699231
11247850
23671446
38496300
38327190
38159919
37648728
37189547
35075334
33854400
32942648
31729321
31019807
29529927
28559622
29761163
27366716
26417927
26336853
24024877
23497584
24709788
21589928
20955671
9749393
9551756
38328760
38264967
38260112
38060919
37090644
35311175
34472518
34373910
33504205
33456523
32762996
32299199
32195480
31579710
28809376
28454366
28294092
28133683
26644608
26538799
29213895
25885715
22517822
22446174
19293144
17164827
17070030
12118054
11146488
8311307
16346291
36888592
35708689
25733469
38409198
38268519
38257564
37682181
36537052
36137949
35256478
34729079
34211944
33980719
32803094
32174834
29927998
29881610
29665028
29340105
29126915
28374647
25892881
24100624
22265976
20606958
20082665
16862342
15682482
12920830
26122041
10531607
12914415
11333833
14657
38098822
36240084
34694318
31875477
31747911
33323250
23782856
30092451
25038074
37746281
36299452
34991264
34945271
34770694
34765956
34746262
33132655
27190082
25493939
22788577
11771885
11557479
10422947
37042173
36750842
35136499
34773357
34529716
33584518
33292675
32266145
32049893
31148891
30339734
28730115
25423489
17131334
22128756
38172988
37258261
36359554
35869761
35645962
34970591
33913662
33831789
32489380
31889860
31584994
28031859
26628945
26290739
26021646
23510120
22347864
22176745
20535248
19390524
18520081
21122294
16419967
16162618
10325832
9647313
15000650
38310527
37886442
35918796
34924941
33041910
32704905
31413772
27886030
27508898
26697468
22029365
20683555
19807926
15375037
11208291
8843313
38291455
37221582
36437383
35634408
35159996
34707402
34601600
34322465
33313717
33292756
32290577
31346563
31143737
30228896
30065663
29088412
28928182
28725543
26031528
24993326
22943391
22471477
18618057
37986123
34232303
36915204
36263449
11833082
28520561
38404723
38323176
36441770
35821888
34970326
34738007
32489798
29706404
29669568
29367038
26517083
23186808
21272380
38485856
38483443
38470709
38391084
37213538
37033266
36741013
36091702
35817754
35665840
35359387
35243868
34629111
33898990
33454897
33025883
32309186
30585304
30425559
30215045
29136483
29042766
28854822
26907919
26715478
26607868
24649978
24649004
24564379
24522469
20567206
19795024
15910166
9657476
5136464
36224773
35527966
25977886
38444949
37484619
36567986
36033033
31762621
30464773
30044114
29506123
31966524
28765661
26840334
26288488
20981330
20003510
19949586
31003259
1147620
5489777
38388454
37312185
36211503
35576110
33835095
26067275
10807527
37491292
37333564
36709635
36472986
36452945
36348665
36261462
36231475
35095585
35003832
34960147
34688698
34373293
34356548
34299734
33707927
33637810
32447631
31722938
31478739
30881921
30234680
29986192
29976042
29245214
26956165
18304365
8658370
8693982
38443916
38326855
37101904
36874123
36514450
36446563
35766133
35642030
35128188
35087585
34712156
34394982
33994514
33939884
33624757
33604146
33239913
32963741
32392171
32132341
32051333
31427629
30984361
29782635
28276085
27112943
26894336
26880960
26580296
26536119
25780718
23383164
19767606
16296216
15655267
15056875
11032609
2529753
3957106
26130633
21178082
37063553
34886328
25745207
21070173
19851618
8851609
2031602
32904514
34556083
33749079
26792775
24568511
22440022
20046729
25187334
38500840
38201876
37993362
37664856
37545580
37223221
37062795
35908091
35902998
35859597
35594290
34548783
34343969
31754368
31640202
31506904
28272714
26732182
25680184
24200901
24065153
23405253
23150473
38320836
38076066
37969941
37809706
37369031
36687703
36565219
36176340
34075586
33968307
33807545
33376402
31546504
31027054
30498798
29981057
29893906
29796660
29356667
29021762
28884743
28408007
28197262
26546073
25935495
25224688
23515653
22576471
22164268
20965333
17220211
10319060
10052224
38512981
36863255
36819684
35285902
35265330
35092651
33903115
32187781
31334441
31232394
30875065
29581068
27130650
26825273
25098780
19442952
19279292
17093165
17027294
38504188
37720580
37144634
36215237
36181336
35585849
35223927
35212748
34254726
34211263
32953367
26148003
17047000
10491455
429571
36236902
32055174
26960611
2497703
36860999
20026278
34804841
34439932
31237869
26211827
22380717
33035893
38355472
38278667
38028411
37781229
37292053
37072813
36767722
35591967
35372437
35127711
34616614
34501761
34185765
33629576
33437009
33269325
33148341
33064405
32775795
32755084
32523243
32280941
32014597
31743795
31423518
30930657
30706027
29193822
28065421
27279831
25548499
23560213
14711470
9517922
1556178
26313940
38309829
32509710
31638681
31268512
30981018
25301893
25128818
22416798
38052016
37860792
37272069
36628268
36312292
36158948
35872870
35705843
35237724
34587253
33824676
33030646
32984108
32076609
31984367
31778617
30053612
28358808
25547173
23214278
18832385
15894772
12378644
9922345
38183863
37720925
37706382
37333921
36293962
35360688
34993731
34122576
33444332
32559319
30281614
29849714
29724703
28391646
27738517
27190087
26642999
22734848
22612603
16002448
12096198
21659152
1586244
5456939
34970027
28094277
38313343
37867488
37754306
36388089
35872911
35498049
34919542
34238381
33282152
32148947
31920957
30369992
29081760
28977982
27849190
27418706
27391015
24876924
23856165
23577307
23096010
22645519
22226273
20381318
20057196
17970927
17488766
16715825
14762573
9196648
1510400
2722139
26845108
37674516
27752988
38046415
37917086
37846378
37835160
37698813
36370207
36185279
35711285
35265370
35186049
34984177
34957227
34858822
34485569
33950927
33886623
33378454
33013443
32821678
32702899
32585973
31965531
31489897
31360698
31303281
27646774
27446542
25837754
25715038
25449340
23170140
22481448
17954587
17174473
17035939
16449513
10783047
38243168
38096884
37595996
37143907
36778567
36676952
36277781
36103732
35700770
35694168
35571730
34150834
33105129
32714534
28127934
27908287
27034919
26303057
23121993
21731411
20338453
18371541
15793870
33713622
30991577
38454896
37689769
37073631
37020278
36412976
32913691
31454044
26576960
24489767
26385210
34179131
27559253
26873905
38137490
38020663
37654479
36972981
36875661
36330502
36071509
35397488
35308822
34049595
33854555
33224182
33063314
33041846
32666035
32149152
31542745
31433441
31027491
30398695
30081888
28874158
28381222
25943398
25884714
24651470
17116255
16586545
16135346
15858944
32903870
38076237
36749747
36533019
35910563
35819973
35705613
35432140
35127795
34828712
32019913
30588063
30050928
30009091
29167616
28899855
27065118
26730176
26290711
23592675
18973844
17344067
10716678
9639679
34002866
37495959
36684185
36619629
36247460
36241708
33882358
33520297
32398707
31667142
28082805
23977215
20573249
19369377
15591292
38438972
35146433
33574134
32649510
32496521
27964726
28097503
38455923
37616255
36848147
36566223
36460719
36306974
34988171
34794138
34732664
34461899
33902476
33758913
33655957
33555495
33498842
32811448
32184723
31655557
31061728
30773274
29437161
27929721
27274226
26228211
25899133
25760760
25289661
25243404
25014213
23679290
21903879
15700025
8409034
12797021
37010223
36732910
36250141
34065937
34007485
33968976
33417662
33101925
32399326
31579557
31436922
31281408
30810356
30206433
27579455
26035840
25325596
24285630
22536029
19385433
18251997
16564712
11941408
9342458
31516505
38322761
38276089
37719320
36879692
36445753
36029025
35832848
35766560
35747178
35370887
35322423
35252322
34866898
34796323
34659344
34072825
33968896
33966363
33763308
33732554
33540660
32995594
32794380
31803093
31511566
31410043
29861642
28919759
26447999
26148077
25866732
25068080
23966505
23819001
23449940
28539783
23134381
21369664
19735100
17086579
6605985
32614851
27178725
26402217
25386081
25031298
23082053
18495005
37405017
37342273
37013589
36767975
36205168
36065692
35586738
35501349
35345483
35309062
35148277
34644737
34641852
34381998
34012475
33637332
32210652
31910911
28879019
28606094
28527796
27348391
26446158
26400675
26305879
25145556
24500611
20238318
15145872
37071605
32271362
35454320
35002813
34323442
32438659
31336843
27874299
38466883
38357142
38316339
37752487
37397122
36726080
36636372
36004377
34956919
34676286
34249751
33910215
33680745
33420421
32953169
32241369
31499682
30238697
29986041
27314922
26884914
25299400
24847319
23906954
22449659
19284501
11267933
36762115
36474222
35965812
35784248
35684002
35538756
34992354
34489177
34400308
33614555
31208464
30480000
29508050
28006048
25919306
25093821
24524926
23983598
23362106
22679062
22356810
22012700
20184783
16626489
2224216
38504225
38343816
38026262
37777180
37604639
36147575
33293294
30472785
29578094
24376575
18546288
38215089
37568526
36901451
34981691
34223229
34204221
34032486
33078110
31956334
30410302
30228876
29795740
29379839
22169386
17360844
16407473
12520143
417671
30913715
34685697
26449855
11687026
37848072
37644714
36915151
35812183
35096608
33902267
33505450
33306067
32751482
32609800
32034398
31874653
31849708
31444079
31440765
29042384
28413644
27621870
25585299
24758610
23805156
23442126
22472466
21943365
21253361
17823693
17634256
16893940
16399853
16207739
15813972
11016987
8942335
8867870
36411692
17424039
23700452
38029216
36369767
35772597
35086480
35026625
33001828
30794231
30646382
30450052
30338262
26312071
25879892
25780292
20730627
16595000
38183063
37969186
37622649
37416841
37198893
37046497
36477633
35996423
35086217
34751533
30013363
29922178
29447280
28425931
26219369
26086015
23691477
25237612
18239571
17805422
17657273
1388686
38505757
22331251
36832300
36816545
36344951
36065270
36034442
35552562
35315915
35141435
34869770
34344019
32919260
32912791
32517825
32433053
31860015
30726266
26552973
23675126
27389512
37782497
37660412
37493632
37438063
37324487
37172066
36997026
36114222
35790429
35744128
34628915
34351035
34337275
33684797
33367526
33068959
32850935
32008125
30944773
32186067
28817606
28704413
27805281
26885204
25323241
23820047
22733593
22564118
20484901
19040719
12632503
11163728
7964333
37649009
37462973
38369481
38357500
37790085
37176467
36876681
36263810
36181666
35983864
35911561
35641593
34542449
34444187
34089933
32338027
29997962
29416319
27791224
27521214
29062993
25794093
25792801
25188273
24932195
24465128
23766503
23671450
21887081
21765609
14594896
11351316
11323733
10509605
10462016
11245092
37544315
36566193
34428205
11411511
38001418
37857575
37355020
37233170
36860301
36618527
35840773
35329896
35186043
35026770
35020053
34955810
34912478
34466680
34295185
34277158
34207799
33727601
33389632
33263271
33225410
33004983
32247150
30849425
30555151
30278074
28615986
28592324
27897255
27095607
26767057
25591570
24465922
23228966
23106186
21911786
15831093
10205193
8254512
32109648
34636209
37481484
35693606
30968941
28231287
38472550
37711902
37407224
36969661
36732851
36704505
36605788
36569445
36027980
35903707
35812999
35203512
34883936
34569662
34429391
33725747
33535992
33498001
33410910
33010591
32155397
31812228
31590675
31379968
30591327
30142803
29716602
29659965
29329293
28900887
27220658
26526605
24908080
24162940
22572084
22525775
20195177
19264247
18449150
11922273
7929833
38223578
37879389
37876410
37770720
37588297
37078483
37009168
36932255
36276324
35977902
34552967
34257267
33887825
32938855
32143331
31685060
31187742
30636895
30016999
29768597
29651253
29435135
29302195
29098041
28781927
28616362
27882229
27601888
27588287
26445640
23247050
22022146
21700052
22444764
15285495
12395879
36221605
23864778
36813835
36619651
36147533
35544791
32215081
32090039
31186466
30535414
29868384
28895359
27397993
26221317
24641644
22998208
24150134
14740852
38473542
37663739
37641786
37330217
37324508
36711259
36580000
36533203
35701051
35444875
35402739
35346981
35255293
34496367
34202292
34123776
33355805
33230687
32983895
32011436
30927909
30817625
30805014
29452331
28860771
28814795
26181291
26173093
26088852
25995640
25057993
24690433
23880183
23408510
22620287
22383631
21637771
19109297
18647418
17327264
16273622
10669447
37679971
37464439
36158270
35677059
35261183
34085774
34020072
33733929
33484126
32867681
32433660
32259024
32324204
29042263
22080437
27617027
22629160
37891210
37670403
37571419
37379803
37292150
37195909
37043276
37010217
36865795
36821100
36798325
36687335
36506012
36389292
35484316
35467566
35356526
35224029
33917713
33600460
33287122
33170901
32023232
31546002
31536850
31444181
30793700
30100734
29051770
28724348
28437434
26857447
26713665
26691526
25475406
25374198
22645409
24149558
19740971
12411402
10534690
9973028
8325978
38504164
37591939
37334331
37260755
37139369
36312106
35784519
35465296
34518568
33693240
33142475
30201869
30183054
30069179
29922507
29434025
27152248
25664928
23879895
22151445
21738883
19684868
17371575
17276150
16850575
8379920
1994842
29151848
25969211
16592639
32293468
36711530
36340854
34564328
34249250
33305007
32521994
31903482
31141434
29607177
28567104
26094539
25872297
24870782
23679140
27326085
22912646
20740696
18581615
16096305
9145865
16668970
38477889
38307789
38290243
38259293
38219423
37722871
37608360
37471312
37138999
37048533
36874127
36864417
36160800
35937853
35357405
35022049
34737628
34372843
33177800
32722064
32277813
32045441
31862185
31190064
29120661
27522466
26426524
24431298
22455751
18185936
17485694
10690853
10400001
38004232
38000150
37320871
37131714
36609745
36578964
36407238
36387166
36249261
35886186
35187047
34879852
34239935
33708819
33383847
31828456
29971261
29970681
29547234
29155850
29152910
28197217
28158642
26967050
26445330
25153312
24115828
24098546
23320118
20878847
20354756
24692829
18606073
24149481
11208598
10471570
9793189
3900136
37835459
37695452
36774102
35251187
35112932
35029662
34380458
32439001
31926761
31892313
31268903
31262327
30809595
27542277
26648437
24458585
19452573
31268543
32960838
30821845
37296199
35157002
33656444
32302221
30898990
28241878
37479982
36936600
36536331
32118324
31335695
30180748
28464943
26765080
23646230
32699815
32059560
31406478
27415015
22536037
12701631
444669
11548832
38161591
37766886
37454057
37337573
36833940
36590485
37588271
35399300
32974618
29988404
29560038
28500305
28360460
26550183
26513855
26048940
25667915
24723949
24574648
23934506
22235236
20336817
25178443
38348775
38184543
37574494
37510533
36698921
36506452
36262259
35250618
35124925
31531854
31287144
30723101
30519003
30356640
28705995
26670616
25988589
20668048
18485762
18173367
17711535
16153297
8214753
31764464
38421650
36254738
35391566
33190640
30670915
26227434
38463914
38086280
37349680
36872322
36498772
35908148
34537550
34373056
34026941
33885961
33720019
33192573
32954745
32734270
32419797
32358415
32009946
31246348
30410363
30181751
28883401
28418283
27721822
27443820
25478180
25124935
24923553
24820893
22859281
22092622
22042120
20045992
19469621
18644107
17562747
15469640
15319223
11292113
7889456
34928300
33127856
32221790
21513507
21218088
23074600
3179138
3261967
36935884
36076219
35681127
35402192
35273323
34646438
31836911
31284625
30023363
29569398
29177059
28096793
27716133
27128677
27053465
26497903
26375464
26319859
26179650
26028662
25841973
25495886
25339013
23261169
20196870
17704939
16632556
16425372
16041617
9659170
37161541
15588043
36590638
35778615
35509186
34915609
34212710
31914022
29556162
28256616
25501268
25278799
23970898
20299611
19663919
19246816
18705439
12695984
38376564
37916104
37389152
37009605
36984619
36819585
36593468
36482901
36276588
36155884
35782923
35300033
34736867
34540108
34539429
34211137
33015812
32865170
32775802
31992534
31701141
31041326
30687135
29671959
29584931
29209232
28902641
28119618
27559437
27231200
26571503
26052349
23618088
21135198
24260010
14749234
11044241
10972679
940283
29376559
31834749
30624557
27312738
36348015
24499578
24444196
20059935
16468885
38036276
37892107
37488583
37409261
37214431
36607464
36348334
36141534
35813845
35250992
35240332
35211180
35035917
34640538
33665687
33545752
32895135
32665054
31885557
31801376
31496157
31079113
31023749
30569446
30428897
30186411
29036736
28494068
28353568
28208978
27861583
27825138
27112212
24735524
24612796
23667516
19820759
17699045
15921803
15774609
38114897
37949620
37928751
37899903
37733676
37671137
37424734
36819697
36710676
36686488
36259475
35620150
35190103
34732718
34575660
34465815
33898297
33776465
32038968
31469870
31141546
30608596
30116640
29149837
28987002
28244703
26348687
25214361
24567582
24224118
22146010
16788696
11825962
11181599
26649271
3942329
37963634
38372997
38341930
38267451
38066453
37662538
37634816
37377282
37229479
36877438
36337700
35987565
35872883
35363774
34854252
34744709
33951237
33561116
33198744
32835793
32352036
31410028
30538977
30076132
29237954
28923045
27209500
26980142
26550099
24744589
24306002
23785535
23208748
22730514
21695180
19668301
19086298
18423122
17065896
9421239
8664140
31462928
37570254
33363357
32313453
27891056
30705744
24591862
23386797
11896952
8624354
38332006
35390047
34465338
34379124
33812834
33758663
33566933
32093633
30267045
25332334
24569952
18292274
18093255
38405204
38383599
38179184
38145876
36780603
35919805
35509602
35486402
35083178
34440177
34381321
33935490
33831060
33771957
33596877
33584460
33204667
32936306
32792965
32331312
32228527
30525293
29051811
27736797
27600394
27404451
26160719
25932999
25866618
25851976
25327813
23193083
22841185
18621862
17622207
17556703
17494717
10706879
9643622
35548064
24664109
37291515
37104931
36767986
36339145
35915457
34649700
32677918
32375119
27935523
27246783
20825636
7661348
34518923
31553472
30629109
38395003
38380052
38371957
38188907
37711192
37524602
37402460
37064761
36071794
36011929
35965839
35847450
35700236
35592646
35449516
35206943
35070832
34937245
34279039
34041281
37313205
33756036
33106611
32384455
32341418
32278886
32224288
32190314
32166111
32010706
31431916
30996741
30927391
30810894
29039175
28900204
26366084
25826611
25577417
24790885
24141844
23734288
23372901
23170134
23166414
23139777
22365953
21069388
20505526
19840962
18074029
15902722
15479124
11852009
11809476
10926588
9192922
8523128
1419604
38419326
38124287
37064405
31685303
31340979
28762093
27707552
22075523
16097051
25397960
34405036
30823200
3034152
16695923
38109586
37057175
37025921
35417280
33709652
33600090
31391635
29174155
26851855
25767825
23342311
22557810
22454762
20530053
18591594
24031196
3760357
6327403
38068459
38027839
37936915
37800837
36960201
36684554
36541417
36407459
36200001
36107610
36057581
35956211
35720253
35647180
35433452
35308423
35030015
35010634
34917415
34438899
33748178
33566894
33535802
33228737
32945861
32166808
31775231
31579908
31304507
31064045
30646479
29765779
29643151
29238719
28749619
28710435
28328853
28009997
26884992
26600485
26022940
24440263
24166665
24090355
23330004
22701204
22669118
20637297
19605409
18651572
11771886
10893672
6131718
38324858
38185400
37985201
37867832
37864187
37849631
37549986
37013763
36923076
36574081
36514158
36420440
35966325
35927781
35753501
35365030
35360428
35294454
35058699
34678468
34616119
34609048
34295769
34229696
34193306
33601976
32855678
32637646
32628360
32377580
35174099
31221998
30226916
29781193
29387335
29042373
28859655
28514753
28439206
28008306
27191859
27055275
26977789
25443176
24707169
23908696
23226652
22876749
22834889
21983762
20844701
20237738
18706841
11795015
9863998
9066387
38414018
37679707
37582716
36213077
36110183
35566409
35536710
35198579
34918391
34336941
34285739
33372627
32701147
32595746
31638697
31615922
30774402
27603207
26711463
26334732
25900085
26966540
24608557
18794455
17928514
10326130
38186862
37123204
37078461
35445816
35114965
34354172
33583662
33349241
30993264
26352916
24886221
23413976
23347533
22183172
15929172
14531947
37226207
32476140
37332735
36387841
27574717
27426026
22731680
35937211
24251043
24247326
20383030
16998268
133103
26290693
33271879
22258966
16702272
15375069
2497662
38392608
37737470
37723233
36527859
35964124
35865130
35359648
34763651
34493793
34484085
34240404
32811766
31380284
31288460
30172405
29632510
29293738
28293020
28076894
26700308
25251959
16735760
30968949
26102196
38403578
38264598
37808060
37711821
37667940
37216159
36767556
36684676
36137329
36089617
35762901
35637990
35480995
35432194
35064434
35035747
33424275
33209661
33192644
32860702
32495531
32296330
31897287
31360336
31001808
30816670
29017864
28441443
28032471
26878864
26758593
26109910
25820895
25781163
23684028
21805370
19167638
16087133
12744938
12525807
8977372
2918176
36790543
26332798
33301630
36789030
34525999
31839876
26427349
27546921
24301941
16228307
14675041
2719906
23369381
22240018
25214991
22444304
38489290
38020767
37090971
36700041
36011209
35601243
35265039
35246122
35095574
34966760
34336420
33910536
33324503
33235125
33163280
32741369
32704993
32566722
31688837
31513608
30457191
30417220
30375372
30262775
30219873
30041568
31787155
28764204
28489761
27770448
27610610
27399134
27313643
27103555
23196261
20379618
18070772
15329171
15322667
7619672
22222257
37747426
37590250
37576749
37369132
36538585
35415671
35128044
34723017
34540621
33521894
32467638
31205872
30294167
29619147
29026761
28400890
28271928
28006949
26346439
25982830
25902884
22375177
22290397
21799277
21475694
20451961
22444283
17221062
16794097
12716311
11465580
9083265
38475049
38450065
38448067
38201502
38167170
37976062
36105388
35371260
34987607
34453098
33751019
33708266
33390565
33334578
33301231
33047616
32728226
32660999
31880746
31268904
30400636
29901736
29561887
29083059
26967732
26678152
26163030
24321843
24204086
22554428
17923653
11887980
38504191
31794484
38084157
38078965
37442442
37316324
36915777
36134587
36117380
35941018
35821376
35280484
35149929
34968310
34778857
34657619
34300271
34255063
34202253
33817253
33783515
32599778
30643432
30568628
29899835
28953626
28886170
28574848
25472820
24885080
24594995
24169657
24137220
22916946
22431959
19188148
15793077
15718173
11195605
25233078
21432223
38273047
38146362
38000873
37416483
35289158
34724534
32816816
32690014
32250414
30608188
28446199
25948765
25803670
25246820
24836465
22584142
21257039
29518439
35945517
31433465
29986720
28151965
37474478
30276500
27580623
24692823
25657065
38065377
37868773
37761747
37628016
37496796
37363556
37346233
37229847
37041136
37026963
36387069
36223368
35805588
35783341
35663651
35251386
35198569
36895847
34497781
34369582
34195488
33994760
33614454
30848746
30372131
33458375
29339988
28769860
28652873
28236810
27857545
26413105
26166371
25565764
25446400
24080115
23826531
23098156
22802837
21855369
21633542
21139250
19263413
17430953
17067831
16488963
16107527
12162337
30991592
38463596
37191713
35189838
35179598
34817580
34488386
37936606
37830953
37223443
36938116
36583840
36483741
36407547
36228040
36034560
35571114
35545402
35530345
35173378
35048479
34642187
34015891
33633451
33123501
33062276
31932536
30581893
30484266
30087610
29529100
28440348
26843159
26578983
26490832
26477886
25473948
25469141
24996486
24798429
24716671
21659542
20720257
20548794
17990358
21232221
12560636
12207866
10839901
37766203
37065741
36860571
36191859
35170727
35000003
34316177
34177599
31477784
30895467
30763436
30719136
30700476
29575805
28764808
22435840
19075097
16386664
37228288
35528832
35316726
34082189
31138550
30246793
17003017
37873968
37600933
26981523
24592187
24168042
16492374
38167221
37822350
37720155
37484762
37150183
36806868
36471258
36036456
35111869
34074005
33963728
33046969
32205551
31456940
30456635
30066229
29600778
29363649
27837573
27174780
26343512
25954818
23128183
24778842
19779747
18332300
17892378
10913037
8829230
38405164
37927792
37873542
37688085
37554382
37483738
37467801
37417259
37267702
36821544
36675569
36467636
36363897
36120654
35865828
35712473
35709179
35506997
35498745
35479941
35417522
35372181
35275007
35272298
35084731
35051188
34954445
34881183
34880825
34805629
34557719
34456584
34454322
34093042
33799937
33681244
33447180
33335358
33329099
33321850
33313883
33238662
33082037
33031260
35519036
32015512
31804554
31555612
30907632
30485926
30013306
29997933
28772964
28765740
28584738
28553792
28118609
27721474
27400914
27097957
25768265
25686346
25003372
24967244
24890069
24844784
24782213
22898861
22371636
20104526
18651013
12181151
10398626
4729057
38403014
21525503
29631586
36171468
30197922
26550595
21245859
12079048
33263724
35223445
34099052
26976287
19841292
18794556
38173040
36785565
36400170
36129900
35602665
35264912
34758354
34117687
32116643
30931425
30577982
27893695
27442651
23888273
21266865
20530746
19592634
18663088
11090589
4703223
27995607
27379283
38443887
38239586
37685690
37669064
37179833
37139093
36941329
36824236
36711740
36507884
36190031
36119553
36045765
35937095
35843327
35586594
35401364
35104815
34761588
34679399
34501418
34344534
34233443
34205847
33198449
33178580
32581830
31741518
31625585
31379591
31163023
30920424
30467541
30054500
29977808
29285449
29270013
29033619
27753597
27432594
27266592
27233984
27085721
26713432
26309486
25897260
25153937
24455194
22003284
21459155
29213589
9602656
6101959
10326051
27505186
37206622
38332516
37990306
37374255
37230267
37168367
37072778
36915716
36235859
36055379
34956383
34836167
34696572
34533393
34475938
34427148
34220692
33977119
33553224
33134323
31307289
31086841
30827548
30538485
30496235
30467876
30182571
29190764
28575332
27500107
27390868
27227916
27103780
26380001
25904125
25617863
24416066
20069414
19861907
19360245
19251725
17409585
15358063
33312351
22444372
99278
24329076
2972565
30795158
23960881
34463321
38416763
37583402
37441368
36536320
36092393
35067653
34880792
34471535
33371149
32781920
32628063
31609745
31039167
35541976
27338804
26896408
26093837
23897070
23883686
23840155
21175513
19941649
17374666
15641075
15084208
38139440
36409497
36374494
29631876
38025019
37767401
37396221
36896886
36820013
36523868
36330503
36095013
36094656
35865383
35844337
35787696
35663980
35643966
35524956
34858671
34277515
34209458
34172412
33235479
33117190
33054080
31905242
31743696
31688655
30324088
30074930
29312732
28475614
26525282
26496255
26472616
25790899
24053561
23940810
22535341
21998718
21615620
21146055
19675104
17450291
15879073
15641137
15108256
10933016
9648889
8567392
8326021
21228696
38450241
37727251
37138979
36250139
36079029
34714420
32946458
32698603
32549128
31261972
30305876
29976267
29755363
29545940
29529319
29151301
28955249
28344737
28230026
28070420
27168742
26954163
25784765
25436619
25184450
24683322
24444219
23711224
23077645
22928387
21753904
21524525
18787320
17548957
15894828
21232222
9390952
8691242
38456409
37927996
36987949
36474212
35223939
32847841
31935216
19522022
36457468
38410667
37560706
37264076
37048543
36865584
36769842
36091225
35327781
34869429
34181739
37323713
33422466
32810104
32639049
36474592
31817840
30891514
30627106
29312450
29276404
28878470
28695107
28539957
27839238
27168739
26575265
26510395
26496267
26371428
26105980
25906320
25392794
25006570
24870299
24718498
24466448
24421420
24324761
24250562
23003576
22499878
22442043
26322193
22312379
19925678
18769643
17065170
15367518
12741573
10450194
1642350
37892021
35903659
35740035
35068365
34888285
34810360
34658695
33974751
33778441
32889620
31778605
30984022
30919671
35116748
30349750
29312783
27133967
26884978
26228832
25057933
24778877
24353651
22458635
21915362
21103083
19692973
18931192
17318437
16542416
16045792
10984080
9570258
8164446
6661382
6261866
7352643
38293023
37700578
37390128
37232774
37231438
36944370
36915302
36819581
36684193
36649357
36518803
36431189
35669025
35571915
35292484
34755192
34731241
34721524
34480429
34136855
32733746
32626727
32573173
32399117
31151239
30792621
28631305
26981636
26880028
26790835
26613006
25530447
25376121
25055176
23874698
23576473
22067295
21439807
21317282
20860825
19562716
18029512
15883629
11924726
10861166
9924367
9581734
9299204
8903329
35550641
38082243
37560940
36145703
36097728
35115092
34786023
34735981
33677532
33671089
33284335
32320548
32316311
31693124
31605827
31602337
31456321
31357386
30683061
29186759
28419650
26842482
25742470
25363466
22799302
22586440
22157475
22052079
21145284
15609406
9518637
38313684
36267955
36245611
35915617
24988902
22907304
37288171
29459266
29475806
38414555
37230533
36201325
35640982
35486618
30815633
28814488
21844860
21205128
17005764
37993816
37862011
37693693
37519733
37382274
37129746
36797177
36501056
36479293
36267707
35957830
35816344
35609674
35503625
35449856
34733982
34728723
34655820
34470612
34155332
33422082
32782954
32375701
32286568
32025275
31273632
29940258
28346564
27515862
27030355
24413933
24343071
22890912
22875713
22160628
20388650
17572778
16931652
7861719
3524744
37870668
24595666
38096014
33000670
25320479
23762082
35496008
37685930
37612034
37376335
37341195
37250630
37198600
36699960
36575615
36325751
36270875
36131783
36105871
35847669
34927035
34926548
34513709
34222433
34129115
34014258
33852150
33675619
33582371
33485345
33057609
32633109
31485243
31131531
30596007
30444868
29552190
28817760
28367304
27887637
26647439
22611164
22313411
19624897
17043096
12364552
11991700
30916356
38282853
38222865
37663269
37549649
36606435
36590204
36199946
35757585
35742520
35042530
34990530
34873105
34712300
34667725
34603797
34400987
34007918
32983785
32864487
32471191
31908591
30643433
30364299
30147295
29675405
29662898
28827810
28749701
28337993
28291924
28730051
26983944
25266604
23824332
23450131
25049493
22973382
15114216
14660502
14573827
12718670
10807660
1890659
38487150
37818069
36895047
36169033
36054225
35874566
35309734
34793596
34049197
33663818
33193829
32021520
31818913
31740941
30746195
29198215
28286061
28255243
27795838
27788513
26167239
23823741
23181129
21475144
20651884
19325561
16330349
9833601
36380280
37781126
37213608
37000414
36457329
36346634
32701550
32492151
32138283
32093722
32015079
32014005
34671234
31356630
31298652
30332430
29357431
29285438
29141675
27903560
27430652
27270544
26103185
25785111
25550864
25411039
22897994
19138537
9291198
37465122
37202730
37108620
36403291
32823643
31316447
22652137
32347899
38248249
38067636
37649970
37302097
37252135
37180566
37033398
37033240
36960625
36896280
36812531
36698154
36457820
35956363
35917937
35782276
35677586
34975461
34857824
34534216
34381408
34376819
34358360
34332225
34178768
32782538
32642236
32148942
30471906
29416106
29199708
28747896
28272223
26689970
25674187
25651157
24614180
23710959
21924023
20087954
20085631
17592350
17305757
16326757
15817871
11959463
11892678
10354308
2478751
3345000
29238948
38459516
38029180
37951545
37396872
36872165
36846463
36539754
36320078
36257606
35771842
35515711
35496162
35494036
34778314
34697040
34259888
34043487
33392274
33082889
33040553
32355894
31517072
31275595
30687717
30464635
29068975
29064534
28572699
28299003
27785093
27466347
26540058
26332759
26042084
25054597
24604483
24346781
23947978
22797511
20588031
20150902
19085318
19043318
18766253
18702827
24149900
18070124
17323429
12970904
11596617
9689291
2213579
10605455
25138287
23885149
21772996
27132058
31992297
26552806
23372438
38287259
38141815
38027268
38025696
37873378
37640465
37458048
37063327
36856257
36678127
36583117
36258003
36243997
36176993
36128754
35985786
35619630
35223926
35001942
34337176
33326583
33312443
32758225
32695624
32236675
31736783
31275968
27925445
25728100
24719717
23991224
23102828
22848760
22405442
22403628
21907625
18491235
17481749
16403661
9068400
6102099
25517391
37115608
36881034
32926115
32594211
30990462
24788761
21194471
9706010
38348376
38344661
38303891
37707352
37645642
37333916
37005105
36777847
36564755
36313096
36141816
35174064
34176485
34084787
33853560
33469132
33312304
33158179
32705754
32405752
31066510
27685326
26234405
24469344
23287994
23011805
16865019
9768735
38510007
38191351
31995649
33378357
37082350
27933124
37033881
36643621
35513977
34776941
34718275
34121972
33881289
33629047
37497084
31663076
31464666
31384756
31384334
30956635
30598939
30425812
29636747
29599863
29163127
27708589
27471805
28465733
25937646
28989382
24772340
22999283
22324968
23776362
20848369
19902300
16751944
21187019
12719243
11425740
11131269
10947181
10691197
36921011
27600666
38317952
38110324
37223558
36437499
35383008
34852046
33062313
31861740
30761192
30123806
29701942
29588200
27525849
26612611
25745209
24907777
24426074
24304940
23538536
22523669
19094168
20161937
15388555
14633276
9649402
9633632
38051530
37741106
37425455
36578525
35880116
35685309
35346478
35180148
34600125
33793602
33749506
33693499
33676428
33544772
31074221
30671280
27895424
27840308
26888467
26859673
26578237
26316423
25995732
23802743
21531528
21226933
18350629
18270397
16214322
15253106
11937603
11701725
3276273
38335827
36497691
34527058
30707718
30706365
30532505
27780976
19642218
12046095
38440789
38198148
38185237
37140288
37084973
36973410
36901494
36736197
36406209
36371077
36361093
36153412
36123365
36106467
35766697
35518935
35479739
35415808
35402685
35256526
35252398
35016470
34670248
34362342
34089987
33859574
33384891
32760343
32368447
32206440
31632852
31193622
30679967
30104697
29170644
28503154
27843562
27787383
24577824
24465883
24013267
22902907
22252108
20413545
20364043
16582078
16424115
15102009
14966047
12370218
8046458
23040503
30097390
38218831
37592358
37270602
35646119
35589406
34872554
33145561
32964477
31552570
31018251
30841627
30344800
29759599
27838606
27170433
26833395
25340768
21697517
20008083
8603531
36040742
37680671
2337365
30978830
37444077
36148746
35688883
34065714
34055137
33552129
31807625
31766684
30744317
29731488
29385607
29085502
28938677
26244022
24471095
24068765
23486244
19074206
18822116
18797572
19089268
16472837
16093013
16052122
15046552
11732530
11226509
7666373
8504955
2031812
4685081
28535104
11886482
25886077
38415126
38295384
38260058
38100181
38089569
38027130
37915300
37727729
37644429
37274130
37231341
36875107
36609350
36416322
36364883
36180353
35919050
35902186
35719615
35585615
35568908
35281079
35185676
35177705
34894710
34876846
34672217
34449456
34191215
33788177
33610420
32962629
32216755
31620364
30917023
30672622
29187906
28770006
28703899
27106203
26966126
26444424
25743154
24019903
20385850
19442312
18973878
17157083
11819861
38249249
37810123
34778315
35515674
32630116
32010287
33330189
29780823
29242815
32789221
28549210
27733048
26918011
26101026
26087864
24999434
28839766
24719739
24066830
25191588
22329573
21698256
25813945
20455060
20398320
19641513
15910096
11641325
9576873
30866373
7577284
7643543
8317646
38172739
37881234
37454198
33653423
33630892
32914543
32614822
32588102
31251377
29132344
27633969
27494531
27341449
23639781
22553409
20669352
12509497
10903966
7879938
36185160
35587947
35285921
35256485
35095476
34234425
30088288
29190676
23141819
10453750
25804068
1444317
2584431
16592798
16592382
1008552
38322524
38115881
37707402
37637950
37534240
37324115
37143189
36879851
36845405
36747065
36506283
36121800
35959124
35602505
35571897
35538122
35189866
34603380
34497839
34210056
33643639
33431104
33353578
33080667
32842476
32481308